1,0,81,A0,82,80,87,5B,,45,21,984
2,0,82,A0,82,80,87,58,,45,21,984
3,0,83,A0,82,80,87,59,,45,21,994
4,0,84,A0,82,80,87,5E,,45,22,4
5,0,85,A0,82,80,87,5F,,45,22,24
6,0,86,A0,82,80,87,5C,,45,22,24
7,0,87,A0,82,80,87,5D,,45,22,24
8,0,88,A0,82,80,87,52,,45,22,34
1,0,81,A0,82,80,88,54,,45,22,44
2,0,82,A0,82,80,88,57,,45,22,64
3,0,83,A0,82,80,88,56,,45,22,64
4,0,84,A0,82,80,88,51,,45,22,74
5,0,85,A0,82,80,88,50,,45,22,84
6,0,86,A0,82,80,88,53,,45,22,94
7,0,87,A0,82,80,88,52,,45,22,104
8,0,88,A0,82,80,88,5D,,45,22,114
1,0,81,A0,82,80,89,55,,45,22,124
2,0,82,A0,82,80,89,56,,45,22,144
3,0,83,A0,82,80,89,57,,45,22,154
4,0,84,A0,82,80,89,50,,45,22,164
5,0,85,A0,82,80,89,51,,45,22,164
6,0,86,A0,82,80,89,52,,45,22,174
7,0,87,A0,82,80,89,53,,45,22,184
8,0,88,A0,82,80,89,5C,,45,22,194
1,0,81,A0,82,80,8A,56,,45,22,204
2,0,82,A0,82,80,8A,55,,45,22,224
3,0,83,A0,82,80,8A,54,,45,22,234
4,0,84,A0,82,80,8A,53,,45,22,254
5,0,85,A0,82,80,8A,52,,45,22,254
6,0,86,A0,82,80,8A,51,,45,22,254
7,0,87,A0,82,80,8A,50,,45,22,274
8,0,88,A0,82,80,8A,5F,,45,22,284
1,0,81,A0,82,80,8B,57,,45,22,294
2,0,82,A0,82,80,8B,54,,45,22,294
3,0,83,A0,82,80,8B,55,,45,22,304
4,0,84,A0,82,80,8B,52,,45,22,314
5,0,85,A0,82,80,8B,53,,45,22,324
6,0,86,A0,82,80,8B,50,,45,22,334
7,0,87,A0,82,80,8B,51,,45,22,344
8,0,88,A0,82,80,8B,5E,,45,22,364
1,0,81,A0,82,80,8C,50,,45,22,364
2,0,82,A0,82,80,8C,53,,45,22,384
3,0,83,A0,82,80,8C,52,,45,22,384
4,0,84,A0,82,80,8C,55,,45,22,394
5,0,85,A0,82,80,8C,54,,45,22,404
6,0,86,A0,82,80,8C,57,,45,22,424
7,0,87,A0,82,80,8C,56,,45,22,424
8,0,88,A0,82,80,8C,59,,45,22,434
1,0,81,A0,82,80,8D,51,,45,22,444
2,0,82,A0,82,80,8D,52,,45,22,454
3,0,83,A0,82,80,8D,53,,45,22,474
4,0,84,A0,82,80,8D,54,,45,22,474
5,0,85,A0,82,80,8D,55,,45,22,484
6,0,86,A0,82,80,8D,56,,45,22,494
7,0,87,A0,82,80,8D,57,,45,22,514
8,0,88,A0,82,80,8D,58,,45,22,514
1,0,81,A0,82,80,8E,52,,45,22,524
2,0,82,A0,82,80,8E,51,,45,22,534
3,0,83,A0,82,80,8E,50,,45,22,544
4,0,84,A0,82,80,8E,57,,45,22,554
5,0,85,A0,82,80,8E,56,,45,22,564
6,0,86,A0,82,80,8E,55,,45,22,574
7,0,87,A0,82,80,8E,54,,45,22,584
8,0,88,A0,82,80,8E,5B,,45,22,594
1,0,81,A0,82,80,8F,53,,45,22,604
2,0,82,A0,82,80,8F,50,,45,22,614
3,0,83,A0,82,80,8F,51,,45,22,624
4,0,84,A0,82,80,8F,56,,45,22,634
5,0,85,A0,82,80,8F,57,,45,22,644
6,0,86,A0,82,80,8F,54,,45,22,655
7,0,87,A0,82,80,8F,55,,45,22,665
8,0,88,A0,82,80,8F,5A,,45,22,675
1,0,81,A0,82,80,90,4C,,45,22,685
2,0,82,A0,82,80,90,4F,,45,22,695
3,0,83,A0,82,80,90,4E,,45,22,715
4,0,84,A0,82,80,90,49,,45,22,715
5,0,85,A0,82,80,90,48,,45,22,725
6,0,86,A0,82,80,90,4B,,45,22,735
7,0,87,A0,82,80,90,4A,,45,22,745
8,0,88,A0,82,80,90,45,,45,22,755
1,0,81,A0,82,80,91,4D,,45,22,765
2,0,82,A0,82,80,91,4E,,45,22,775
3,0,83,A0,82,80,91,4F,,45,22,795
4,0,84,A0,82,80,91,48,,45,22,795
5,0,85,A0,82,80,91,49,,45,22,805
6,0,86,A0,82,80,91,4A,,45,22,815
7,0,87,A0,82,80,91,4B,,45,22,825
8,0,88,A0,82,80,91,44,,45,22,835
1,0,81,A0,82,80,92,4E,,45,22,845
2,0,82,A0,82,80,92,4D,,45,22,855
3,0,83,A0,82,80,92,4C,,45,22,865
4,0,84,A0,82,80,92,4B,,45,22,875
5,0,85,A0,82,80,92,4A,,45,22,885
6,0,86,A0,82,80,92,49,,45,22,895
7,0,87,A0,82,80,92,48,,45,22,905
8,0,88,A0,82,80,92,47,,45,22,915
1,0,81,A0,82,80,93,4F,,45,22,925
2,0,82,A0,82,80,93,4C,,45,22,935
3,0,83,A0,82,80,93,4D,,45,22,945
4,0,84,A0,82,80,93,4A,,45,22,955
5,0,85,A0,82,80,93,4B,,45,22,975
6,0,86,A0,82,80,93,48,,45,22,985
7,0,87,A0,82,80,93,49,,45,22,995
8,0,88,A0,82,80,93,46,,45,23,5
1,0,81,A0,82,80,94,48,,45,23,15
2,0,82,A0,82,80,94,4B,,45,23,25
3,0,83,A0,82,80,94,4A,,45,23,35
4,0,84,A0,82,80,94,4D,,45,23,45
5,0,85,A0,82,80,94,4C,,45,23,55
6,0,86,A0,82,80,94,4F,,45,23,65
7,0,87,A0,82,80,94,4E,,45,23,75
8,0,88,A0,82,80,94,41,,45,23,85
1,0,81,A0,82,80,95,49,,45,23,95
2,0,82,A0,82,80,95,4A,,45,23,105
3,0,83,A0,82,80,95,4B,,45,23,115
4,0,84,A0,82,80,95,4C,,45,23,125
5,0,85,A0,82,80,95,4D,,45,23,135
6,0,86,A0,82,80,95,4E,,45,23,145
7,0,87,A0,82,80,95,4F,,45,23,165
8,0,88,A0,82,80,95,40,,45,23,165
1,0,81,A0,82,80,96,4A,,45,23,175
2,0,82,A0,82,80,96,49,,45,23,185
3,0,83,A0,82,80,96,48,,45,23,195
4,0,84,A0,82,80,96,4F,,45,23,205
5,0,85,A0,82,80,96,4E,,45,23,215
6,0,86,A0,82,80,96,4D,,45,23,225
7,0,87,A0,82,80,96,4C,,45,23,235
8,0,88,A0,82,80,96,43,,45,23,245
1,0,81,A0,82,80,97,4B,,45,23,255
2,0,82,A0,82,80,97,48,,45,23,265
3,0,83,A0,82,80,97,49,,45,23,275
4,0,84,A0,82,80,97,4E,,45,23,285
5,0,85,A0,82,80,97,4F,,45,23,295
6,0,86,A0,82,80,97,4C,,45,23,356
7,0,87,A0,82,80,97,4D,,45,23,356
8,0,88,A0,82,80,97,42,,45,23,356
1,0,81,A0,82,80,98,44,,45,23,366
2,0,82,A0,82,80,98,47,,45,23,366
3,0,83,A0,82,80,98,46,,45,23,376
4,0,84,A0,82,80,98,41,,45,23,386
5,0,85,A0,82,80,98,40,,45,23,396
6,0,86,A0,82,80,98,43,,45,23,406
7,0,87,A0,82,80,98,42,,45,23,416
8,0,88,A0,82,80,98,4D,,45,23,426
1,0,81,A0,82,80,99,45,,45,23,466
2,0,82,A0,82,80,99,46,,45,23,466
3,0,83,A0,82,80,99,47,,45,23,486
4,0,84,A0,82,80,99,40,,45,23,486
5,0,85,A0,82,80,99,41,,45,23,496
6,0,86,A0,82,80,99,42,,45,23,516
7,0,87,A0,82,80,99,43,,45,23,526
8,0,88,A0,82,80,99,4C,,45,23,536
1,0,81,A0,82,80,81,5D,,45,23,576
2,0,82,A0,82,80,81,5E,,45,23,576
3,0,83,A0,82,80,81,5F,,45,23,576
4,0,84,A0,82,80,81,58,,45,23,586
5,0,85,A0,82,80,81,59,,45,23,596
6,0,86,A0,82,80,81,5A,,45,23,606
7,0,87,A0,82,80,81,5B,,45,23,616
8,0,88,A0,82,80,81,54,,45,23,626
1,0,81,A0,82,80,82,5E,,45,23,636
2,0,82,A0,82,80,82,5D,,45,23,646
3,0,83,A0,82,80,82,5C,,45,23,656
4,0,84,A0,82,80,82,5B,,45,23,666
5,0,85,A0,82,80,82,5A,,45,23,686
6,0,86,A0,82,80,82,59,,45,23,686
7,0,87,A0,82,80,82,58,,45,23,696
8,0,88,A0,82,80,82,57,,45,23,716
1,0,81,A0,82,80,83,5F,,45,23,726
2,0,82,A0,82,80,83,5C,,45,23,726
3,0,83,A0,82,80,83,5D,,45,23,736
4,0,84,A0,82,80,83,5A,,45,23,746
5,0,85,A0,82,80,83,5B,,45,23,756
6,0,86,A0,82,80,83,58,,45,23,766
7,0,87,A0,82,80,83,59,,45,23,776
8,0,88,A0,82,80,83,56,,45,23,786
1,0,81,A0,82,80,84,58,,45,23,796
2,0,82,A0,82,80,84,5B,,45,23,806
3,0,83,A0,82,80,84,5A,,45,23,816
4,0,84,A0,82,80,84,5D,,45,23,826
5,0,85,A0,82,80,84,5C,,45,23,836
6,0,86,A0,82,80,84,5F,,45,23,846
7,0,87,A0,82,80,84,5E,,45,23,856
8,0,88,A0,82,80,84,51,,45,23,866
1,0,81,A0,82,80,85,59,,45,23,876
2,0,82,A0,82,80,85,5A,,45,23,886
3,0,83,A0,82,80,85,5B,,45,23,896
4,0,84,A0,82,80,85,5C,,45,23,906
5,0,85,A0,82,80,85,5D,,45,23,916
6,0,86,A0,82,80,85,5E,,45,23,926
7,0,87,A0,82,80,85,5F,,45,23,936
8,0,88,A0,82,80,85,50,,45,23,946
1,0,81,A0,82,80,86,5A,,45,23,956
2,0,82,A0,82,80,86,59,,45,23,966
3,0,83,A0,82,80,86,58,,45,23,976
4,0,84,A0,82,80,86,5F,,45,23,996
5,0,85,A0,82,80,86,5E,,45,23,996
6,0,86,A0,82,80,86,5D,,45,24,16
7,0,87,A0,82,80,86,5C,,45,24,26
8,0,88,A0,82,80,86,53,,45,24,26
1,0,81,A0,82,80,87,5B,,45,24,36
2,0,82,A0,82,80,87,58,,45,24,47
3,0,83,A0,82,80,87,59,,45,24,57
4,0,84,A0,82,80,87,5E,,45,24,77
5,0,85,A0,82,80,87,5F,,45,24,77
6,0,86,A0,82,80,87,5C,,45,24,97
7,0,87,A0,82,80,87,5D,,45,24,97
8,0,88,A0,82,80,87,52,,45,24,107
1,0,81,A0,82,80,88,54,,45,24,117
2,0,82,A0,82,80,88,57,,45,24,127
3,0,83,A0,82,80,88,56,,45,24,137
4,0,84,A0,82,80,88,51,,45,24,147
5,0,85,A0,82,80,88,50,,45,24,157
6,0,86,A0,82,80,88,53,,45,24,177
7,0,87,A0,82,80,88,52,,45,24,187
8,0,88,A0,82,80,88,5D,,45,24,197
1,0,81,A0,82,80,89,55,,45,24,197
2,0,82,A0,82,80,89,56,,45,24,207
3,0,83,A0,82,80,89,57,,45,24,217
4,0,84,A0,82,80,89,50,,45,24,237
5,0,85,A0,82,80,89,51,,45,24,237
6,0,86,A0,82,80,89,52,,45,24,247
7,0,87,A0,82,80,89,53,,45,24,257
8,0,88,A0,82,80,89,5C,,45,24,267
1,0,81,A0,82,80,8A,56,,45,24,287
2,0,82,A0,82,80,8A,55,,45,24,297
3,0,83,A0,82,80,8A,54,,45,24,297
4,0,84,A0,82,80,8A,53,,45,24,307
5,0,85,A0,82,80,8A,52,,45,24,317
6,0,86,A0,82,80,8A,51,,45,24,327
7,0,87,A0,82,80,8A,50,,45,24,337
8,0,88,A0,82,80,8A,5F,,45,24,347
1,0,81,A0,82,80,8B,57,,45,24,357
2,0,82,A0,82,80,8B,54,,45,24,367
3,0,83,A0,82,80,8B,55,,45,24,377
4,0,84,A0,82,80,8B,52,,45,24,387
5,0,85,A0,82,80,8B,53,,45,24,397
6,0,86,A0,82,80,8B,50,,45,24,407
7,0,87,A0,82,80,8B,51,,45,24,417
8,0,88,A0,82,80,8B,5E,,45,24,427
1,0,81,A0,82,80,8C,50,,45,24,437
2,0,82,A0,82,80,8C,53,,45,24,447
3,0,83,A0,82,80,8C,52,,45,24,457
4,0,84,A0,82,80,8C,55,,45,24,467
5,0,85,A0,82,80,8C,54,,45,24,477
6,0,86,A0,82,80,8C,57,,45,24,487
7,0,87,A0,82,80,8C,56,,45,24,497
8,0,88,A0,82,80,8C,59,,45,24,507
1,0,81,A0,82,80,8D,51,,45,24,517
2,0,82,A0,82,80,8D,52,,45,24,527
3,0,83,A0,82,80,8D,53,,45,24,537
4,0,84,A0,82,80,8D,54,,45,24,547
5,0,85,A0,82,80,8D,55,,45,24,557
6,0,86,A0,82,80,8D,56,,45,24,567
7,0,87,A0,82,80,8D,57,,45,24,577
8,0,88,A0,82,80,8D,58,,45,24,597
1,0,81,A0,82,80,8E,52,,45,24,597
2,0,82,A0,82,80,8E,51,,45,24,607
3,0,83,A0,82,80,8E,50,,45,24,617
4,0,84,A0,82,80,8E,57,,45,24,627
5,0,85,A0,82,80,8E,56,,45,24,707
6,0,86,A0,82,80,8E,55,,45,24,707
7,0,87,A0,82,80,8E,54,,45,24,717
8,0,88,A0,82,80,8E,5B,,45,24,717
1,0,81,A0,82,80,8F,53,,45,24,717
2,0,82,A0,82,80,8F,50,,45,24,758
3,0,83,A0,82,80,8F,51,,45,24,768
4,0,84,A0,82,80,8F,56,,45,24,788
5,0,85,A0,82,80,8F,57,,45,24,788
6,0,86,A0,82,80,8F,54,,45,24,798
7,0,87,A0,82,80,8F,55,,45,24,808
8,0,88,A0,82,80,8F,5A,,45,24,848
1,0,81,A0,82,80,90,4C,,45,24,858
2,0,82,A0,82,80,90,4F,,45,24,858
3,0,83,A0,82,80,90,4E,,45,24,888
4,0,84,A0,82,80,90,49,,45,24,898
5,0,85,A0,82,80,90,48,,45,24,908
6,0,86,A0,82,80,90,4B,,45,24,918
7,0,87,A0,82,80,90,4A,,45,24,918
8,0,88,A0,82,80,90,45,,45,24,928
1,0,81,A0,82,80,91,4D,,45,24,938
2,0,82,A0,82,80,91,4E,,45,24,948
3,0,83,A0,82,80,91,4F,,45,24,958
4,0,84,A0,82,80,91,48,,45,24,968
5,0,85,A0,82,80,91,49,,45,24,978
6,0,86,A0,82,80,91,4A,,45,24,988
7,0,87,A0,82,80,91,4B,,45,24,998
8,0,88,A0,82,80,91,44,,45,25,8
1,0,81,A0,82,80,92,4E,,45,25,18
2,0,82,A0,82,80,92,4D,,45,25,28
3,0,83,A0,82,80,92,4C,,45,25,38
4,0,84,A0,82,80,92,4B,,45,25,48
5,0,85,A0,82,80,92,4A,,45,25,58
6,0,86,A0,82,80,92,49,,45,25,68
7,0,87,A0,82,80,92,48,,45,25,78
8,0,88,A0,82,80,92,47,,45,25,98
1,0,81,A0,82,80,93,4F,,45,25,98
2,0,82,A0,82,80,93,4C,,45,25,108
3,0,83,A0,82,80,93,4D,,45,25,128
4,0,84,A0,82,80,93,4A,,45,25,128
5,0,85,A0,82,80,93,4B,,45,25,138
6,0,86,A0,82,80,93,48,,45,25,148
7,0,87,A0,82,80,93,49,,45,25,158
8,0,88,A0,82,80,93,46,,45,25,168
1,0,81,A0,82,80,94,48,,45,25,178
2,0,82,A0,82,80,94,4B,,45,25,188
3,0,83,A0,82,80,94,4A,,45,25,198
4,0,84,A0,82,80,94,4D,,45,25,208
5,0,85,A0,82,80,94,4C,,45,25,218
6,0,86,A0,82,80,94,4F,,45,25,228
7,0,87,A0,82,80,94,4E,,45,25,238
8,0,88,A0,82,80,94,41,,45,25,248
1,0,81,A0,82,80,95,49,,45,25,258
2,0,82,A0,82,80,95,4A,,45,25,268
3,0,83,A0,82,80,95,4B,,45,25,278
4,0,84,A0,82,80,95,4C,,45,25,288
5,0,85,A0,82,80,95,4D,,45,25,298
6,0,86,A0,82,80,95,4E,,45,25,308
7,0,87,A0,82,80,95,4F,,45,25,318
8,0,88,A0,82,80,95,40,,45,25,328
1,0,81,A0,82,80,96,4A,,45,25,338
2,0,82,A0,82,80,96,49,,45,25,348
3,0,83,A0,82,80,96,48,,45,25,358
4,0,84,A0,82,80,96,4F,,45,25,368
5,0,85,A0,82,80,96,4E,,45,25,378
6,0,86,A0,82,80,96,4D,,45,25,388
7,0,87,A0,82,80,96,4C,,45,25,398
8,0,88,A0,82,80,96,43,,45,25,408
1,0,81,A0,82,80,97,4B,,45,25,418
2,0,82,A0,82,80,97,48,,45,25,428
3,0,83,A0,82,80,97,49,,45,25,439
4,0,84,A0,82,80,97,4E,,45,25,449
5,0,85,A0,82,80,97,4F,,45,25,459
6,0,86,A0,82,80,97,4C,,45,25,469
7,0,87,A0,82,80,97,4D,,45,25,479
8,0,88,A0,82,80,97,42,,45,25,489
1,0,81,A0,82,80,98,44,,45,25,499
2,0,82,A0,82,80,98,47,,45,25,519
3,0,83,A0,82,80,98,46,,45,25,529
4,0,84,A0,82,80,98,41,,45,25,539
5,0,85,A0,82,80,98,40,,45,25,549
6,0,86,A0,82,80,98,43,,45,25,559
7,0,87,A0,82,80,98,42,,45,25,569
8,0,88,A0,82,80,98,4D,,45,25,579
1,0,81,A0,82,80,99,45,,45,25,589
2,0,82,A0,82,80,99,46,,45,25,599
3,0,83,A0,82,80,99,47,,45,25,609
4,0,84,A0,82,80,99,40,,45,25,619
5,0,85,A0,82,80,99,41,,45,25,629
6,0,86,A0,82,80,99,42,,45,25,639
7,0,87,A0,82,80,99,43,,45,25,649
8,0,88,A0,82,80,99,4C,,45,25,659
1,0,81,A0,82,80,81,5D,,45,25,669
2,0,82,A0,82,80,81,5E,,45,25,679
3,0,83,A0,82,80,81,5F,,45,25,689
4,0,84,A0,82,80,81,58,,45,25,699
5,0,85,A0,82,80,81,59,,45,25,709
6,0,86,A0,82,80,81,5A,,45,25,719
7,0,87,A0,82,80,81,5B,,45,25,729
8,0,88,A0,82,80,81,54,,45,25,739
1,0,81,A0,82,80,82,5E,,45,25,759
2,0,82,A0,82,80,82,5D,,45,25,769
3,0,83,A0,82,80,82,5C,,45,25,769
4,0,84,A0,82,80,82,5B,,45,25,789
5,0,85,A0,82,80,82,5A,,45,25,789
6,0,86,A0,82,80,82,59,,45,25,799
7,0,87,A0,82,80,82,58,,45,25,809
8,0,88,A0,82,80,82,57,,45,25,819
1,0,81,A0,82,80,83,5F,,45,25,829
2,0,82,A0,82,80,83,5C,,45,25,839
3,0,83,A0,82,80,83,5D,,45,25,849
4,0,84,A0,82,80,83,5A,,45,25,859
5,0,85,A0,82,80,83,5B,,45,25,869
6,0,86,A0,82,80,83,58,,45,25,879
7,0,87,A0,82,80,83,59,,45,25,889
8,0,88,A0,82,80,83,56,,45,25,899
1,0,81,A0,82,80,84,58,,45,25,909
2,0,82,A0,82,80,84,5B,,45,25,919
3,0,83,A0,82,80,84,5A,,45,25,929
4,0,84,A0,82,80,84,5D,,45,25,939
5,0,85,A0,82,80,84,5C,,45,25,949
6,0,86,A0,82,80,84,5F,,45,25,959
7,0,87,A0,82,80,84,5E,,45,25,969
8,0,88,A0,82,80,84,51,,45,25,979
1,0,81,A0,82,80,85,59,,45,25,999
2,0,82,A0,82,80,85,5A,,45,25,999
3,0,83,A0,82,80,85,5B,,45,26,9
4,0,84,A0,82,80,85,5C,,45,26,19
5,0,85,A0,82,80,85,5D,,45,26,29
6,0,86,A0,82,80,85,5E,,45,26,39
7,0,87,A0,82,80,85,5F,,45,26,49
8,0,88,A0,82,80,85,50,,45,26,59
1,0,81,A0,82,80,86,5A,,45,26,69
2,0,82,A0,82,80,86,59,,45,26,79
3,0,83,A0,82,80,86,58,,45,26,89
4,0,84,A0,82,80,86,5F,,45,26,99
5,0,85,A0,82,80,86,5E,,45,26,109
6,0,86,A0,82,80,86,5D,,45,26,119
7,0,87,A0,82,80,86,5C,,45,26,129
8,0,88,A0,82,80,86,53,,45,26,140
1,0,81,A0,82,80,87,5B,,45,26,150
2,0,82,A0,82,80,87,58,,45,26,160
3,0,83,A0,82,80,87,59,,45,26,170
4,0,84,A0,82,80,87,5E,,45,26,180
5,0,85,A0,82,80,87,5F,,45,26,200
6,0,86,A0,82,80,87,5C,,45,26,200
7,0,87,A0,82,80,87,5D,,45,26,210
8,0,88,A0,82,80,87,52,,45,26,220
1,0,81,A0,82,80,88,54,,45,26,230
2,0,82,A0,82,80,88,57,,45,26,240
3,0,83,A0,82,80,88,56,,45,26,250
4,0,84,A0,82,80,88,51,,45,26,260
5,0,85,A0,82,80,88,50,,45,26,270
6,0,86,A0,82,80,88,53,,45,26,280
7,0,87,A0,82,80,88,52,,45,26,290
8,0,88,A0,82,80,88,5D,,45,26,300
1,0,81,A0,82,80,89,55,,45,26,310
2,0,82,A0,82,80,89,56,,45,26,320
3,0,83,A0,82,80,89,57,,45,26,330
4,0,84,A0,82,80,89,50,,45,26,340
5,0,85,A0,82,80,89,51,,45,26,350
6,0,86,A0,82,80,89,52,,45,26,360
7,0,87,A0,82,80,89,53,,45,26,370
8,0,88,A0,82,80,89,5C,,45,26,380
1,0,81,A0,82,80,8A,56,,45,26,430
2,0,82,A0,82,80,8A,55,,45,26,440
3,0,83,A0,82,80,8A,54,,45,26,440
4,0,84,A0,82,80,8A,53,,45,26,450
5,0,85,A0,82,80,8A,52,,45,26,460
6,0,86,A0,82,80,8A,51,,45,26,470
7,0,87,A0,82,80,8A,50,,45,26,490
8,0,88,A0,82,80,8A,5F,,45,26,490
1,0,81,A0,82,80,8B,57,,45,26,500
2,0,82,A0,82,80,8B,54,,45,26,510
3,0,83,A0,82,80,8B,55,,45,26,590
4,0,84,A0,82,80,8B,52,,45,26,590
5,0,85,A0,82,80,8B,53,,45,26,600
6,0,86,A0,82,80,8B,50,,45,26,600
7,0,87,A0,82,80,8B,51,,45,26,610
8,0,88,A0,82,80,8B,5E,,45,26,610
1,0,81,A0,82,80,8C,50,,45,26,610
2,0,82,A0,82,80,8C,53,,45,26,620
3,0,83,A0,82,80,8C,52,,45,26,660
4,0,84,A0,82,80,8C,55,,45,26,660
5,0,85,A0,82,80,8C,54,,45,26,670
6,0,86,A0,82,80,8C,57,,45,26,680
7,0,87,A0,82,80,8C,56,,45,26,690
8,0,88,A0,82,80,8C,59,,45,26,700
1,0,81,A0,82,80,8D,51,,45,26,710
2,0,82,A0,82,80,8D,52,,45,26,720
3,0,83,A0,82,80,8D,53,,45,26,730
4,0,84,A0,82,80,8D,54,,45,26,740
5,0,85,A0,82,80,8D,55,,45,26,750
6,0,86,A0,82,80,8D,56,,45,26,760
7,0,87,A0,82,80,8D,57,,45,26,780
8,0,88,A0,82,80,8D,58,,45,26,780
1,0,81,A0,82,80,8E,52,,45,26,790
2,0,82,A0,82,80,8E,51,,45,26,800
3,0,83,A0,82,80,8E,50,,45,26,810
4,0,84,A0,82,80,8E,57,,45,26,841
5,0,85,A0,82,80,8E,56,,45,26,841
6,0,86,A0,82,80,8E,55,,45,26,851
7,0,87,A0,82,80,8E,54,,45,26,861
8,0,88,A0,82,80,8E,5B,,45,26,861
1,0,81,A0,82,80,8F,53,,45,26,871
2,0,82,A0,82,80,8F,50,,45,26,891
3,0,83,A0,82,80,8F,51,,45,26,901
4,0,84,A0,82,80,8F,56,,45,26,901
5,0,85,A0,82,80,8F,57,,45,26,911
6,0,86,A0,82,80,8F,54,,45,26,921
7,0,87,A0,82,80,8F,55,,45,26,961
8,0,88,A0,82,80,8F,5A,,45,27,41
1,0,81,A0,82,80,90,4C,,45,27,41
2,0,82,A0,82,80,90,4F,,45,27,41
3,0,83,A0,82,80,90,4E,,45,27,51
4,0,84,A0,82,80,90,49,,45,27,51
5,0,85,A0,82,80,90,48,,45,27,61
6,0,86,A0,82,80,90,4B,,45,27,61
7,0,87,A0,82,80,90,4A,,45,27,71
8,0,88,A0,82,80,90,45,,45,27,81
1,0,81,A0,82,80,91,4D,,45,27,91
2,0,82,A0,82,80,91,4E,,45,27,101
3,0,83,A0,82,80,91,4F,,45,27,111
4,0,84,A0,82,80,91,48,,45,27,121
5,0,85,A0,82,80,91,49,,45,27,131
6,0,86,A0,82,80,91,4A,,45,27,141
7,0,87,A0,82,80,91,4B,,45,27,151
8,0,88,A0,82,80,91,44,,45,27,161
1,0,81,A0,82,80,92,4E,,45,27,171
2,0,82,A0,82,80,92,4D,,45,27,181
3,0,83,A0,82,80,92,4C,,45,27,191
4,0,84,A0,82,80,92,4B,,45,27,201
5,0,85,A0,82,80,92,4A,,45,27,211
6,0,86,A0,82,80,92,49,,45,27,221
7,0,87,A0,82,80,92,48,,45,27,231
8,0,88,A0,82,80,92,47,,45,27,241
1,0,81,A0,82,80,93,4F,,45,27,251
2,0,82,A0,82,80,93,4C,,45,27,261
3,0,83,A0,82,80,93,4D,,45,27,271
4,0,84,A0,82,80,93,4A,,45,27,281
5,0,85,A0,82,80,93,4B,,45,27,291
6,0,86,A0,82,80,93,48,,45,27,301
7,0,87,A0,82,80,93,49,,45,27,311
8,0,88,A0,82,80,93,46,,45,27,321
1,0,81,A0,82,80,94,48,,45,27,331
2,0,82,A0,82,80,94,4B,,45,27,341
3,0,83,A0,82,80,94,4A,,45,27,351
4,0,84,A0,82,80,94,4D,,45,27,361
5,0,85,A0,82,80,94,4C,,45,27,371
6,0,86,A0,82,80,94,4F,,45,27,381
7,0,87,A0,82,80,94,4E,,45,27,441
8,0,88,A0,82,80,94,41,,45,27,451
1,0,81,A0,82,80,95,49,,45,27,451
2,0,82,A0,82,80,95,4A,,45,27,461
3,0,83,A0,82,80,95,4B,,45,27,491
4,0,84,A0,82,80,95,4C,,45,27,491
5,0,85,A0,82,80,95,4D,,45,27,491
6,0,86,A0,82,80,95,4E,,45,27,511
7,0,87,A0,82,80,95,4F,,45,27,511
8,0,88,A0,82,80,95,40,,45,27,522
1,0,81,A0,82,80,96,4A,,45,27,562
2,0,82,A0,82,80,96,49,,45,27,572
3,0,83,A0,82,80,96,48,,45,27,582
4,0,84,A0,82,80,96,4F,,45,27,592
5,0,85,A0,82,80,96,4E,,45,27,602
6,0,86,A0,82,80,96,4D,,45,27,612
7,0,87,A0,82,80,96,4C,,45,27,622
8,0,88,A0,82,80,96,43,,45,27,642
1,0,81,A0,82,80,97,4B,,45,27,642
2,0,82,A0,82,80,97,48,,45,27,652
3,0,83,A0,82,80,97,49,,45,27,672
4,0,84,A0,82,80,97,4E,,45,27,672
5,0,85,A0,82,80,97,4F,,45,27,682
6,0,86,A0,82,80,97,4C,,45,27,722
7,0,87,A0,82,80,97,4D,,45,27,732
8,0,88,A0,82,80,97,42,,45,27,742
1,0,81,A0,82,80,98,44,,45,27,752
2,0,82,A0,82,80,98,47,,45,27,752
3,0,83,A0,82,80,98,46,,45,27,762
4,0,84,A0,82,80,98,41,,45,27,772
5,0,85,A0,82,80,98,40,,45,27,782
6,0,86,A0,82,80,98,43,,45,27,792
7,0,87,A0,82,80,98,42,,45,27,802
8,0,88,A0,82,80,98,4D,,45,27,812
1,0,81,A0,82,80,99,45,,45,27,822
2,0,82,A0,82,80,99,46,,45,27,832
3,0,83,A0,82,80,99,47,,45,27,862
4,0,84,A0,82,80,99,40,,45,27,862
5,0,85,A0,82,80,99,41,,45,27,872
6,0,86,A0,82,80,99,42,,45,27,872
7,0,87,A0,82,80,99,43,,45,27,882
8,0,88,A0,82,80,99,4C,,45,27,892
1,0,81,A0,82,80,81,5D,,45,27,902
2,0,82,A0,82,80,81,5E,,45,27,912
3,0,83,A0,82,80,81,5F,,45,27,922
4,0,84,A0,82,80,81,58,,45,27,932
5,0,85,A0,82,80,81,59,,45,27,962
6,0,86,A0,82,80,81,5A,,45,27,982
7,0,87,A0,82,80,81,5B,,45,28,2
8,0,88,A0,82,80,81,54,,45,28,32
1,0,81,A0,82,80,82,5E,,45,28,52
2,0,82,A0,82,80,82,5D,,45,28,72
3,0,83,A0,82,80,82,5C,,45,28,82
4,0,84,A0,82,80,82,5B,,45,28,82
5,0,85,A0,82,80,82,5A,,45,28,92
6,0,86,A0,82,80,82,59,,45,28,102
7,0,87,A0,82,80,82,58,,45,28,112
8,0,88,A0,82,80,82,57,,45,28,122
1,0,81,A0,82,80,83,5F,,45,28,132
2,0,82,A0,82,80,83,5C,,45,28,142
3,0,83,A0,82,80,83,5D,,45,28,152
4,0,84,A0,82,80,83,5A,,45,28,162
5,0,85,A0,82,80,83,5B,,45,28,172
6,0,86,A0,82,80,83,58,,45,28,182
7,0,87,A0,82,80,83,59,,45,28,192
8,0,88,A0,82,80,83,56,,45,28,202
1,0,81,A0,82,80,84,58,,45,28,212
2,0,82,A0,82,80,84,5B,,45,28,223
3,0,83,A0,82,80,84,5A,,45,28,233
4,0,84,A0,82,80,84,5D,,45,28,243
5,0,85,A0,82,80,84,5C,,45,28,253
6,0,86,A0,82,80,84,5F,,45,28,263
7,0,87,A0,82,80,84,5E,,45,28,273
8,0,88,A0,82,80,84,51,,45,28,283
1,0,81,A0,82,80,85,59,,45,28,293
2,0,82,A0,82,80,85,5A,,45,28,303
3,0,83,A0,82,80,85,5B,,45,28,313
4,0,84,A0,82,80,85,5C,,45,28,333
5,0,85,A0,82,80,85,5D,,45,28,343
6,0,86,A0,82,80,85,5E,,45,28,343
7,0,87,A0,82,80,85,5F,,45,28,353
8,0,88,A0,82,80,85,50,,45,28,363
1,0,81,A0,82,80,86,5A,,45,28,373
2,0,82,A0,82,80,86,59,,45,28,383
3,0,83,A0,82,80,86,58,,45,28,393
4,0,84,A0,82,80,86,5F,,45,28,403
5,0,85,A0,82,80,86,5E,,45,28,413
6,0,86,A0,82,80,86,5D,,45,28,423
7,0,87,A0,82,80,86,5C,,45,28,433
8,0,88,A0,82,80,86,53,,45,28,443
1,0,81,A0,82,80,87,5B,,45,28,463
2,0,82,A0,82,80,87,58,,45,28,473
3,0,83,A0,82,80,87,59,,45,28,483
4,0,84,A0,82,80,87,5E,,45,28,493
5,0,85,A0,82,80,87,5F,,45,28,493
6,0,86,A0,82,80,87,5C,,45,28,503
7,0,87,A0,82,80,87,5D,,45,28,513
8,0,88,A0,82,80,87,52,,45,28,523
1,0,81,A0,82,80,88,54,,45,28,533
2,0,82,A0,82,80,88,57,,45,28,543
3,0,83,A0,82,80,88,56,,45,28,553
4,0,84,A0,82,80,88,51,,45,28,563
5,0,85,A0,82,80,88,50,,45,28,573
6,0,86,A0,82,80,88,53,,45,28,593
7,0,87,A0,82,80,88,52,,45,28,603
8,0,88,A0,82,80,88,5D,,45,28,603
1,0,81,A0,82,80,89,55,,45,28,613
2,0,82,A0,82,80,89,56,,45,28,623
3,0,83,A0,82,80,89,57,,45,28,633
4,0,84,A0,82,80,89,50,,45,28,643
5,0,85,A0,82,80,89,51,,45,28,653
6,0,86,A0,82,80,89,52,,45,28,663
7,0,87,A0,82,80,89,53,,45,28,673
8,0,88,A0,82,80,89,5C,,45,28,683
1,0,81,A0,82,80,8A,56,,45,28,693
2,0,82,A0,82,80,8A,55,,45,28,743
3,0,83,A0,82,80,8A,54,,45,28,753
4,0,84,A0,82,80,8A,53,,45,28,763
5,0,85,A0,82,80,8A,52,,45,28,783
6,0,86,A0,82,80,8A,51,,45,28,783
7,0,87,A0,82,80,8A,50,,45,28,793
8,0,88,A0,82,80,8A,5F,,45,28,803
1,0,81,A0,82,80,8B,57,,45,28,813
2,0,82,A0,82,80,8B,54,,45,28,823
3,0,83,A0,82,80,8B,55,,45,28,873
4,0,84,A0,82,80,8B,52,,45,28,873
5,0,85,A0,82,80,8B,53,,45,28,883
6,0,86,A0,82,80,8B,50,,45,28,893
7,0,87,A0,82,80,8B,51,,45,28,903
8,0,88,A0,82,80,8B,5E,,45,28,914
1,0,81,A0,82,80,8C,50,,45,28,924
2,0,82,A0,82,80,8C,53,,45,28,944
3,0,83,A0,82,80,8C,52,,45,28,964
4,0,84,A0,82,80,8C,55,,45,28,974
5,0,85,A0,82,80,8C,54,,45,28,974
6,0,86,A0,82,80,8C,57,,45,28,974
7,0,87,A0,82,80,8C,56,,45,28,984
8,0,88,A0,82,80,8C,59,,45,28,994
1,0,81,A0,82,80,8D,51,,45,29,44
2,0,82,A0,82,80,8D,52,,45,29,44
3,0,83,A0,82,80,8D,53,,45,29,54
4,0,84,A0,82,80,8D,54,,45,29,54
5,0,85,A0,82,80,8D,55,,45,29,64
6,0,86,A0,82,80,8D,56,,45,29,74
7,0,87,A0,82,80,8D,57,,45,29,84
8,0,88,A0,82,80,8D,58,,45,29,94
1,0,81,A0,82,80,8E,52,,45,29,104
2,0,82,A0,82,80,8E,51,,45,29,114
3,0,83,A0,82,80,8E,50,,45,29,124
4,0,84,A0,82,80,8E,57,,45,29,134
5,0,85,A0,82,80,8E,56,,45,29,144
6,0,86,A0,82,80,8E,55,,45,29,154
7,0,87,A0,82,80,8E,54,,45,29,164
8,0,88,A0,82,80,8E,5B,,45,29,174
1,0,81,A0,82,80,8F,53,,45,29,184
2,0,82,A0,82,80,8F,50,,45,29,194
3,0,83,A0,82,80,8F,51,,45,29,204
4,0,84,A0,82,80,8F,56,,45,29,214
5,0,85,A0,82,80,8F,57,,45,29,224
6,0,86,A0,82,80,8F,54,,45,29,234
7,0,87,A0,82,80,8F,55,,45,29,244
8,0,88,A0,82,80,8F,5A,,45,29,264
1,0,81,A0,82,80,90,4C,,45,29,274
2,0,82,A0,82,80,90,4F,,45,29,274
3,0,83,A0,82,80,90,4E,,45,29,284
4,0,84,A0,82,80,90,49,,45,29,294
5,0,85,A0,82,80,90,48,,45,29,314
6,0,86,A0,82,80,90,4B,,45,29,314
7,0,87,A0,82,80,90,4A,,45,29,324
8,0,88,A0,82,80,90,45,,45,29,334
1,0,81,A0,82,80,91,4D,,45,29,384
2,0,82,A0,82,80,91,4E,,45,29,404
3,0,83,A0,82,80,91,4F,,45,29,414
4,0,84,A0,82,80,91,48,,45,29,424
5,0,85,A0,82,80,91,49,,45,29,434
6,0,86,A0,82,80,91,4A,,45,29,434
7,0,87,A0,82,80,91,4B,,45,29,444
8,0,88,A0,82,80,91,44,,45,29,454
1,0,81,A0,82,80,92,4E,,45,29,464
2,0,82,A0,82,80,92,4D,,45,29,474
3,0,83,A0,82,80,92,4C,,45,29,484
4,0,84,A0,82,80,92,4B,,45,29,494
5,0,85,A0,82,80,92,4A,,45,29,504
6,0,86,A0,82,80,92,49,,45,29,514
7,0,87,A0,82,80,92,48,,45,29,524
8,0,88,A0,82,80,92,47,,45,29,534
1,0,81,A0,82,80,93,4F,,45,29,544
2,0,82,A0,82,80,93,4C,,45,29,554
3,0,83,A0,82,80,93,4D,,45,29,564
4,0,84,A0,82,80,93,4A,,45,29,574
5,0,85,A0,82,80,93,4B,,45,29,584
6,0,86,A0,82,80,93,48,,45,29,594
7,0,87,A0,82,80,93,49,,45,29,604
8,0,88,A0,82,80,93,46,,45,29,615
1,0,81,A0,82,80,94,48,,45,29,625
2,0,82,A0,82,80,94,4B,,45,29,645
3,0,83,A0,82,80,94,4A,,45,29,645
4,0,84,A0,82,80,94,4D,,45,29,655
5,0,85,A0,82,80,94,4C,,45,29,665
6,0,86,A0,82,80,94,4F,,45,29,675
7,0,87,A0,82,80,94,4E,,45,29,685
8,0,88,A0,82,80,94,41,,45,29,695
1,0,81,A0,82,80,95,49,,45,29,705
2,0,82,A0,82,80,95,4A,,45,29,715
3,0,83,A0,82,80,95,4B,,45,29,725
4,0,84,A0,82,80,95,4C,,45,29,735
5,0,85,A0,82,80,95,4D,,45,29,745
6,0,86,A0,82,80,95,4E,,45,29,755
7,0,87,A0,82,80,95,4F,,45,29,765
8,0,88,A0,82,80,95,40,,45,29,775
1,0,81,A0,82,80,96,4A,,45,29,785
2,0,82,A0,82,80,96,49,,45,29,805
3,0,83,A0,82,80,96,48,,45,29,805
4,0,84,A0,82,80,96,4F,,45,29,815
5,0,85,A0,82,80,96,4E,,45,29,825
6,0,86,A0,82,80,96,4D,,45,29,835
7,0,87,A0,82,80,96,4C,,45,29,845
8,0,88,A0,82,80,96,43,,45,29,855
1,0,81,A0,82,80,97,4B,,45,29,865
2,0,82,A0,82,80,97,48,,45,29,875
3,0,83,A0,82,80,97,49,,45,29,895
4,0,84,A0,82,80,97,4E,,45,29,895
5,0,85,A0,82,80,97,4F,,45,29,905
6,0,86,A0,82,80,97,4C,,45,29,915
7,0,87,A0,82,80,97,4D,,45,29,925
8,0,88,A0,82,80,97,42,,45,29,935
1,0,81,A0,82,80,98,44,,45,29,945
2,0,82,A0,82,80,98,47,,45,29,955
3,0,83,A0,82,80,98,46,,45,29,965
4,0,84,A0,82,80,98,41,,45,29,975
5,0,85,A0,82,80,98,40,,45,29,985
6,0,86,A0,82,80,98,43,,45,29,995
7,0,87,A0,82,80,98,42,,45,30,15
8,0,88,A0,82,80,98,4D,,45,30,15
1,0,81,A0,82,80,99,45,,45,30,25
2,0,82,A0,82,80,99,46,,45,30,35
3,0,83,A0,82,80,99,47,,45,30,85
4,0,84,A0,82,80,99,40,,45,30,85
5,0,85,A0,82,80,99,41,,45,30,95
6,0,86,A0,82,80,99,42,,45,30,105
7,0,87,A0,82,80,99,43,,45,30,105
8,0,88,A0,82,80,99,4C,,45,30,115
1,0,81,A0,82,80,81,5D,,45,30,125
2,0,82,A0,82,80,81,5E,,45,30,145
3,0,83,A0,82,80,81,5F,,45,30,155
4,0,84,A0,82,80,81,58,,45,30,165
5,0,85,A0,82,80,81,59,,45,30,175
6,0,86,A0,82,80,81,5A,,45,30,185
7,0,87,A0,82,80,81,5B,,45,30,195
8,0,88,A0,82,80,81,54,,45,30,215
1,0,81,A0,82,80,82,5E,,45,30,215
2,0,82,A0,82,80,82,5D,,45,30,225
3,0,83,A0,82,80,82,5C,,45,30,235
4,0,84,A0,82,80,82,5B,,45,30,245
5,0,85,A0,82,80,82,5A,,45,30,255
6,0,86,A0,82,80,82,59,,45,30,306
7,0,87,A0,82,80,82,58,,45,30,306
8,0,88,A0,82,80,82,57,,45,30,306
1,0,81,A0,82,80,83,5F,,45,30,316
2,0,82,A0,82,80,83,5C,,45,30,336
3,0,83,A0,82,80,83,5D,,45,30,336
4,0,84,A0,82,80,83,5A,,45,30,356
5,0,85,A0,82,80,83,5B,,45,30,366
6,0,86,A0,82,80,83,58,,45,30,376
7,0,87,A0,82,80,83,59,,45,30,376
8,0,88,A0,82,80,83,56,,45,30,386
1,0,81,A0,82,80,84,58,,45,30,396
2,0,82,A0,82,80,84,5B,,45,30,416
3,0,83,A0,82,80,84,5A,,45,30,426
4,0,84,A0,82,80,84,5D,,45,30,436
5,0,85,A0,82,80,84,5C,,45,30,446
6,0,86,A0,82,80,84,5F,,45,30,496
7,0,87,A0,82,80,84,5E,,45,30,506
8,0,88,A0,82,80,84,51,,45,30,516
1,0,81,A0,82,80,85,59,,45,30,526
2,0,82,A0,82,80,85,5A,,45,30,536
3,0,83,A0,82,80,85,5B,,45,30,546
4,0,84,A0,82,80,85,5C,,45,30,556
5,0,85,A0,82,80,85,5D,,45,30,566
6,0,86,A0,82,80,85,5E,,45,30,576
7,0,87,A0,82,80,85,5F,,45,30,586
8,0,88,A0,82,80,85,50,,45,30,596
1,0,81,A0,82,80,86,5A,,45,30,606
2,0,82,A0,82,80,86,59,,45,30,616
3,0,83,A0,82,80,86,58,,45,30,626
4,0,84,A0,82,80,86,5F,,45,30,636
5,0,85,A0,82,80,86,5E,,45,30,646
6,0,86,A0,82,80,86,5D,,45,30,656
7,0,87,A0,82,80,86,5C,,45,30,666
8,0,88,A0,82,80,86,53,,45,30,676
1,0,81,A0,82,80,87,5B,,45,30,686
2,0,82,A0,82,80,87,58,,45,30,696
3,0,83,A0,82,80,87,59,,45,30,706
4,0,84,A0,82,80,87,5E,,45,30,716
5,0,85,A0,82,80,87,5F,,45,30,726
6,0,86,A0,82,80,87,5C,,45,30,736
7,0,87,A0,82,80,87,5D,,45,30,756
8,0,88,A0,82,80,87,52,,45,30,756
1,0,81,A0,82,80,88,54,,45,30,776
2,0,82,A0,82,80,88,57,,45,30,776
3,0,83,A0,82,80,88,56,,45,30,796
4,0,84,A0,82,80,88,51,,45,30,796
5,0,85,A0,82,80,88,50,,45,30,836
6,0,86,A0,82,80,88,53,,45,30,836
7,0,87,A0,82,80,88,52,,45,30,856
8,0,88,A0,82,80,88,5D,,45,30,866
1,0,81,A0,82,80,89,55,,45,30,876
2,0,82,A0,82,80,89,56,,45,30,876
3,0,83,A0,82,80,89,57,,45,30,886
4,0,84,A0,82,80,89,50,,45,30,896
5,0,85,A0,82,80,89,51,,45,30,936
6,0,86,A0,82,80,89,52,,45,30,946
7,0,87,A0,82,80,89,53,,45,30,946
8,0,88,A0,82,80,89,5C,,45,30,956
1,0,81,A0,82,80,8A,56,,45,30,966
2,0,82,A0,82,80,8A,55,,45,30,976
3,0,83,A0,82,80,8A,54,,45,30,986
4,0,84,A0,82,80,8A,53,,45,31,7
5,0,85,A0,82,80,8A,52,,45,31,7
6,0,86,A0,82,80,8A,51,,45,31,17
7,0,87,A0,82,80,8A,50,,45,31,27
8,0,88,A0,82,80,8A,5F,,45,31,37
1,0,81,A0,82,80,8B,57,,45,31,47
2,0,82,A0,82,80,8B,54,,45,31,57
3,0,83,A0,82,80,8B,55,,45,31,67
4,0,84,A0,82,80,8B,52,,45,31,117
5,0,85,A0,82,80,8B,53,,45,31,117
6,0,86,A0,82,80,8B,50,,45,31,127
7,0,87,A0,82,80,8B,51,,45,31,137
8,0,88,A0,82,80,8B,5E,,45,31,147
1,0,81,A0,82,80,8C,50,,45,31,147
2,0,82,A0,82,80,8C,53,,45,31,167
3,0,83,A0,82,80,8C,52,,45,31,167
4,0,84,A0,82,80,8C,55,,45,31,177
5,0,85,A0,82,80,8C,54,,45,31,197
6,0,86,A0,82,80,8C,57,,45,31,197
7,0,87,A0,82,80,8C,56,,45,31,207
8,0,88,A0,82,80,8C,59,,45,31,217
1,0,81,A0,82,80,8D,51,,45,31,227
2,0,82,A0,82,80,8D,52,,45,31,237
3,0,83,A0,82,80,8D,53,,45,31,247
4,0,84,A0,82,80,8D,54,,45,31,287
5,0,85,A0,82,80,8D,55,,45,31,287
6,0,86,A0,82,80,8D,56,,45,31,307
7,0,87,A0,82,80,8D,57,,45,31,307
8,0,88,A0,82,80,8D,58,,45,31,317
1,0,81,A0,82,80,8E,52,,45,31,327
2,0,82,A0,82,80,8E,51,,45,31,337
3,0,83,A0,82,80,8E,50,,45,31,347
4,0,84,A0,82,80,8E,57,,45,31,357
5,0,85,A0,82,80,8E,56,,45,31,367
6,0,86,A0,82,80,8E,55,,45,31,377
7,0,87,A0,82,80,8E,54,,45,31,387
8,0,88,A0,82,80,8E,5B,,45,31,397
1,0,81,A0,82,80,8F,53,,45,31,407
2,0,82,A0,82,80,8F,50,,45,31,417
3,0,83,A0,82,80,8F,51,,45,31,427
4,0,84,A0,82,80,8F,56,,45,31,437
5,0,85,A0,82,80,8F,57,,45,31,447
6,0,86,A0,82,80,8F,54,,45,31,457
7,0,87,A0,82,80,8F,55,,45,31,467
8,0,88,A0,82,80,8F,5A,,45,31,477
1,0,81,A0,82,80,90,4C,,45,31,487
2,0,82,A0,82,80,90,4F,,45,31,537
3,0,83,A0,82,80,90,4E,,45,31,537
4,0,84,A0,82,80,90,49,,45,31,537
5,0,85,A0,82,80,90,48,,45,31,547
6,0,86,A0,82,80,90,4B,,45,31,567
7,0,87,A0,82,80,90,4A,,45,31,567
8,0,88,A0,82,80,90,45,,45,31,577
1,0,81,A0,82,80,91,4D,,45,31,587
2,0,82,A0,82,80,91,4E,,45,31,607
3,0,83,A0,82,80,91,4F,,45,31,617
4,0,84,A0,82,80,91,48,,45,31,617
5,0,85,A0,82,80,91,49,,45,31,627
6,0,86,A0,82,80,91,4A,,45,31,637
7,0,87,A0,82,80,91,4B,,45,31,657
8,0,88,A0,82,80,91,44,,45,31,657
1,0,81,A0,82,80,92,4E,,45,31,667
2,0,82,A0,82,80,92,4D,,45,31,677
3,0,83,A0,82,80,92,4C,,45,31,708
4,0,84,A0,82,80,92,4B,,45,31,708
5,0,85,A0,82,80,92,4A,,45,31,718
6,0,86,A0,82,80,92,49,,45,31,718
7,0,87,A0,82,80,92,48,,45,31,728
8,0,88,A0,82,80,92,47,,45,31,738
1,0,81,A0,82,80,93,4F,,45,31,788
2,0,82,A0,82,80,93,4C,,45,31,798
3,0,83,A0,82,80,93,4D,,45,31,808
4,0,84,A0,82,80,93,4A,,45,31,828
5,0,85,A0,82,80,93,4B,,45,31,838
6,0,86,A0,82,80,93,48,,45,31,838
7,0,87,A0,82,80,93,49,,45,31,848
8,0,88,A0,82,80,93,46,,45,31,858
1,0,81,A0,82,80,94,48,,45,31,868
2,0,82,A0,82,80,94,4B,,45,31,878
3,0,83,A0,82,80,94,4A,,45,31,898
4,0,84,A0,82,80,94,4D,,45,31,908
5,0,85,A0,82,80,94,4C,,45,31,908
6,0,86,A0,82,80,94,4F,,45,31,918
7,0,87,A0,82,80,94,4E,,45,31,938
8,0,88,A0,82,80,94,41,,45,31,938
1,0,81,A0,82,80,95,49,,45,31,948
2,0,82,A0,82,80,95,4A,,45,31,958
3,0,83,A0,82,80,95,4B,,45,31,968
4,0,84,A0,82,80,95,4C,,45,31,978
5,0,85,A0,82,80,95,4D,,45,31,988
6,0,86,A0,82,80,95,4E,,45,31,998
7,0,87,A0,82,80,95,4F,,45,32,8
8,0,88,A0,82,80,95,40,,45,32,58
1,0,81,A0,82,80,96,4A,,45,32,68
2,0,82,A0,82,80,96,49,,45,32,68
3,0,83,A0,82,80,96,48,,45,32,78
4,0,84,A0,82,80,96,4F,,45,32,88
5,0,85,A0,82,80,96,4E,,45,32,98
6,0,86,A0,82,80,96,4D,,45,32,108
7,0,87,A0,82,80,96,4C,,45,32,118
8,0,88,A0,82,80,96,43,,45,32,128
1,0,81,A0,82,80,97,4B,,45,32,138
2,0,82,A0,82,80,97,48,,45,32,148
3,0,83,A0,82,80,97,49,,45,32,158
4,0,84,A0,82,80,97,4E,,45,32,178
5,0,85,A0,82,80,97,4F,,45,32,188
6,0,86,A0,82,80,97,4C,,45,32,198
7,0,87,A0,82,80,97,4D,,45,32,198
8,0,88,A0,82,80,97,42,,45,32,208
1,0,81,A0,82,80,98,44,,45,32,228
2,0,82,A0,82,80,98,47,,45,32,238
3,0,83,A0,82,80,98,46,,45,32,238
4,0,84,A0,82,80,98,41,,45,32,248
5,0,85,A0,82,80,98,40,,45,32,258
6,0,86,A0,82,80,98,43,,45,32,268
7,0,87,A0,82,80,98,42,,45,32,278
8,0,88,A0,82,80,98,4D,,45,32,288
1,0,81,A0,82,80,99,45,,45,32,308
2,0,82,A0,82,80,99,46,,45,32,348
3,0,83,A0,82,80,99,47,,45,32,348
4,0,84,A0,82,80,99,40,,45,32,368
5,0,85,A0,82,80,99,41,,45,32,378
6,0,86,A0,82,80,99,42,,45,32,378
7,0,87,A0,82,80,99,43,,45,32,388
8,0,88,A0,82,80,99,4C,,45,32,409
1,0,81,A0,82,80,81,5D,,45,32,419
2,0,82,A0,82,80,81,5E,,45,32,419
3,0,83,A0,82,80,81,5F,,45,32,429
4,0,84,A0,82,80,81,58,,45,32,439
5,0,85,A0,82,80,81,59,,45,32,459
6,0,86,A0,82,80,81,5A,,45,32,469
7,0,87,A0,82,80,81,5B,,45,32,479
8,0,88,A0,82,80,81,54,,45,32,479
1,0,81,A0,82,80,82,5E,,45,32,489
2,0,82,A0,82,80,82,5D,,45,32,529
3,0,83,A0,82,80,82,5C,,45,32,529
4,0,84,A0,82,80,82,5B,,45,32,619
5,0,85,A0,82,80,82,5A,,45,32,629
6,0,86,A0,82,80,82,59,,45,32,629
7,0,87,A0,82,80,82,58,,45,32,629
8,0,88,A0,82,80,82,57,,45,32,639
1,0,81,A0,82,80,83,5F,,45,32,639
2,0,82,A0,82,80,83,5C,,45,32,639
3,0,83,A0,82,80,83,5D,,45,32,649
4,0,84,A0,82,80,83,5A,,45,32,649
5,0,85,A0,82,80,83,5B,,45,32,659
6,0,86,A0,82,80,83,58,,45,32,659
7,0,87,A0,82,80,83,59,,45,32,659
8,0,88,A0,82,80,83,56,,45,32,669
1,0,81,A0,82,80,84,58,,45,32,669
2,0,82,A0,82,80,84,5B,,45,32,679
